1.6317809549244968
1.6221917813474482
1.5958133231509815
1.5384641750292345
1.4866361076181585
1.4240282611413435
1.3615268658507953
1.2722958759828047
1.1816006357019597
1.0842031077905134
1.0048114521936937
0.9161568148569628
0.8588172955946489
0.786648762497035
0.7258716916496103
0.6683962534774434
0.6124092950062319
0.5675123598087918
0.5255092084407806
0.4946732507510619
0.44910845905542374
0.4125905795530839
0.37962810830636456
0.35963230444626376
0.3268974450501529
0.3011282127011906
0.284424502402544
0.27112534506754443
0.2529614008963108
0.23440446399829604
0.22359234230084854
0.20292603800242598
0.1935160613872788
0.1860771473835815
0.17209173112430357
0.16981162113899534
0.15748980387367986
0.14911510575224052
0.14263167994266207
0.13234238732944836
0.13512763160873542
0.12467877228151668
0.11813312752003019
0.11857168892906471
0.10809820179234851
0.10826596566899256
0.10143328678201545
0.09555426197634502
0.0937514261088588
0.09655440717258236
0.08863676491786134
0.09287497392770919
0.08757977348498323
0.08766978750513359
0.082994705574079
0.0839366272769191
0.07652593378654936
0.07540639710019935
0.07525584558871659
0.07085959003730254
0.07137428994544527
0.07386222227730534
0.07328516795215281
0.07071077925237743
0.0680732386694713
0.0695845957168124
0.06704184721986
0.0640407967465845
0.06266445200890303
0.06701815670186823
0.06807970018549399
0.06714408171617171
0.06223261246288365
0.06387632907452909
0.05959794526411728
0.06000519213689999
0.05749730410223657
0.05860323543575677
0.058404324406927284
0.057610650546848774
