17.979942693409743
20.558739255014327
25.35816618911175
37.53581661891118
50.07163323782235
60.458452722063036
64.82808022922636
71.13180515759312
72.85100286532952
74.7134670487106
75.2865329512894
79.51289398280802
78.72492836676217
84.02578796561605
84.74212034383955
88.32378223495702
89.89971346704871
90.54441260744986
91.83381088825215
91.69054441260745
93.3381088825215
94.05444126074498
94.62750716332378
95.34383954154728
95.77363896848138
96.84813753581662
97.06303724928367
96.91977077363897
97.63610315186246
97.70773638968481
97.63610315186246
98.28080229226362
97.92263610315186
97.85100286532952
98.49570200573066
98.06590257879657
98.71060171919771
98.71060171919771
98.71060171919771
98.92550143266476
99.21203438395415
98.9971346704871
98.71060171919771
98.9971346704871
98.92550143266476
99.21203438395415
99.5702005730659
99.49856733524355
99.42693409742121
98.92550143266476
99.42693409742121
99.21203438395415
99.49856733524355
99.14040114613181
99.42693409742121
99.42693409742121
99.78510028653295
99.78510028653295
99.8567335243553
99.78510028653295
99.49856733524355
99.64183381088826
99.42693409742121
99.7134670487106
99.7134670487106
99.7134670487106
99.7134670487106
99.64183381088826
99.7134670487106
99.7134670487106
99.5702005730659
99.7134670487106
99.7134670487106
99.64183381088826
99.78510028653295
99.7134670487106
99.92836676217765
99.78510028653295
99.7134670487106
99.7134670487106
